{
 "cells": [
  {
   "cell_type": "code",
   "execution_count": 1,
   "id": "769ed15b-231b-4c39-bcb5-41282e8e668c",
   "metadata": {},
   "outputs": [],
   "source": [
    "import numpy as np"
   ]
  },
  {
   "cell_type": "code",
   "execution_count": 3,
   "id": "f2389813-6499-4bff-a100-d492fcce9f21",
   "metadata": {},
   "outputs": [
    {
     "data": {
      "text/plain": [
       "np.int64(0)"
      ]
     },
     "execution_count": 3,
     "metadata": {},
     "output_type": "execute_result"
    }
   ],
   "source": [
    "a = np.mod(10, 2)\n",
    "a"
   ]
  },
  {
   "cell_type": "code",
   "execution_count": 4,
   "id": "86eed04a-e391-4c78-836f-198cb70a3904",
   "metadata": {},
   "outputs": [
    {
     "data": {
      "text/plain": [
       "np.False_"
      ]
     },
     "execution_count": 4,
     "metadata": {},
     "output_type": "execute_result"
    }
   ],
   "source": [
    "b = np.equal(2, 2)\n",
    "b"
   ]
  },
  {
   "cell_type": "code",
   "execution_count": 5,
   "id": "d2f701b5-b4b9-4683-90d7-abf6b626eed9",
   "metadata": {},
   "outputs": [],
   "source": [
    "def is_integer(number):\n",
    "    return np.equal(np.mod(number, 1), 0)"
   ]
  },
  {
   "cell_type": "code",
   "execution_count": 6,
   "id": "bef02a7d-b2a9-4ef4-806e-5120ff6a7aac",
   "metadata": {},
   "outputs": [],
   "source": [
    "np_func = np.frompyfunc(is_integer, 1, 1)"
   ]
  },
  {
   "cell_type": "code",
   "execution_count": 7,
   "id": "973bdfca-c137-49e3-b9f0-b9c362d5bc3c",
   "metadata": {},
   "outputs": [],
   "source": [
    "numbers_range = 9"
   ]
  },
  {
   "cell_type": "code",
   "execution_count": 8,
   "id": "9fbd650f-4a1f-4c97-bb9e-a5bc19954896",
   "metadata": {},
   "outputs": [
    {
     "data": {
      "text/plain": [
       "(array([1, 2, 3, 4, 5, 6, 7, 8, 9]), array([1, 2, 3, 4, 5, 6, 7, 8, 9]))"
      ]
     },
     "execution_count": 8,
     "metadata": {},
     "output_type": "execute_result"
    }
   ],
   "source": [
    "frist_array = np.arange(numbers_range) + 1\n",
    "second_array = np.arange(numbers_range) + 1\n",
    "frist_array, second_array"
   ]
  },
  {
   "cell_type": "code",
   "execution_count": 9,
   "id": "d16e9681-31fb-4986-af09-7c82ea999732",
   "metadata": {},
   "outputs": [
    {
     "data": {
      "text/plain": [
       "array([[  2,   5,  10,  17,  26,  37,  50,  65,  82],\n",
       "       [  5,   8,  13,  20,  29,  40,  53,  68,  85],\n",
       "       [ 10,  13,  18,  25,  34,  45,  58,  73,  90],\n",
       "       [ 17,  20,  25,  32,  41,  52,  65,  80,  97],\n",
       "       [ 26,  29,  34,  41,  50,  61,  74,  89, 106],\n",
       "       [ 37,  40,  45,  52,  61,  72,  85, 100, 117],\n",
       "       [ 50,  53,  58,  65,  74,  85,  98, 113, 130],\n",
       "       [ 65,  68,  73,  80,  89, 100, 113, 128, 145],\n",
       "       [ 82,  85,  90,  97, 106, 117, 130, 145, 162]])"
      ]
     },
     "execution_count": 9,
     "metadata": {},
     "output_type": "execute_result"
    }
   ],
   "source": [
    "result = np.add.outer(frist_array ** 2, second_array ** 2)\n",
    "result"
   ]
  },
  {
   "cell_type": "code",
   "execution_count": 10,
   "id": "663cede9-cd0a-437c-a808-f110ad0ccadd",
   "metadata": {},
   "outputs": [
    {
     "data": {
      "text/plain": [
       "array([[ 1.41421356,  2.23606798,  3.16227766,  4.12310563,  5.09901951,\n",
       "         6.08276253,  7.07106781,  8.06225775,  9.05538514],\n",
       "       [ 2.23606798,  2.82842712,  3.60555128,  4.47213595,  5.38516481,\n",
       "         6.32455532,  7.28010989,  8.24621125,  9.21954446],\n",
       "       [ 3.16227766,  3.60555128,  4.24264069,  5.        ,  5.83095189,\n",
       "         6.70820393,  7.61577311,  8.54400375,  9.48683298],\n",
       "       [ 4.12310563,  4.47213595,  5.        ,  5.65685425,  6.40312424,\n",
       "         7.21110255,  8.06225775,  8.94427191,  9.8488578 ],\n",
       "       [ 5.09901951,  5.38516481,  5.83095189,  6.40312424,  7.07106781,\n",
       "         7.81024968,  8.60232527,  9.43398113, 10.29563014],\n",
       "       [ 6.08276253,  6.32455532,  6.70820393,  7.21110255,  7.81024968,\n",
       "         8.48528137,  9.21954446, 10.        , 10.81665383],\n",
       "       [ 7.07106781,  7.28010989,  7.61577311,  8.06225775,  8.60232527,\n",
       "         9.21954446,  9.89949494, 10.63014581, 11.40175425],\n",
       "       [ 8.06225775,  8.24621125,  8.54400375,  8.94427191,  9.43398113,\n",
       "        10.        , 10.63014581, 11.3137085 , 12.04159458],\n",
       "       [ 9.05538514,  9.21954446,  9.48683298,  9.8488578 , 10.29563014,\n",
       "        10.81665383, 11.40175425, 12.04159458, 12.72792206]])"
      ]
     },
     "execution_count": 10,
     "metadata": {},
     "output_type": "execute_result"
    }
   ],
   "source": [
    "final = np.sqrt(result)\n",
    "final"
   ]
  },
  {
   "cell_type": "code",
   "execution_count": 11,
   "id": "99ca8d68-6004-4584-9e36-6e7706228882",
   "metadata": {},
   "outputs": [
    {
     "data": {
      "text/plain": [
       "array([[np.False_, np.False_, np.False_, np.False_, np.False_, np.False_,\n",
       "        np.False_, np.False_, np.False_],\n",
       "       [np.False_, np.False_, np.False_, np.False_, np.False_, np.False_,\n",
       "        np.False_, np.False_, np.False_],\n",
       "       [np.False_, np.False_, np.False_, np.True_, np.False_, np.False_,\n",
       "        np.False_, np.False_, np.False_],\n",
       "       [np.False_, np.False_, np.True_, np.False_, np.False_, np.False_,\n",
       "        np.False_, np.False_, np.False_],\n",
       "       [np.False_, np.False_, np.False_, np.False_, np.False_, np.False_,\n",
       "        np.False_, np.False_, np.False_],\n",
       "       [np.False_, np.False_, np.False_, np.False_, np.False_, np.False_,\n",
       "        np.False_, np.True_, np.False_],\n",
       "       [np.False_, np.False_, np.False_, np.False_, np.False_, np.False_,\n",
       "        np.False_, np.False_, np.False_],\n",
       "       [np.False_, np.False_, np.False_, np.False_, np.False_, np.True_,\n",
       "        np.False_, np.False_, np.False_],\n",
       "       [np.False_, np.False_, np.False_, np.False_, np.False_, np.False_,\n",
       "        np.False_, np.False_, np.False_]], dtype=object)"
      ]
     },
     "execution_count": 11,
     "metadata": {},
     "output_type": "execute_result"
    }
   ],
   "source": [
    "np_func(final)"
   ]
  },
  {
   "cell_type": "code",
   "execution_count": null,
   "id": "79abd5e5-299d-4e05-ba10-64ab1c47ed71",
   "metadata": {},
   "outputs": [],
   "source": []
  }
 ],
 "metadata": {
  "kernelspec": {
   "display_name": "Python 3 (ipykernel)",
   "language": "python",
   "name": "python3"
  },
  "language_info": {
   "codemirror_mode": {
    "name": "ipython",
    "version": 3
   },
   "file_extension": ".py",
   "mimetype": "text/x-python",
   "name": "python",
   "nbconvert_exporter": "python",
   "pygments_lexer": "ipython3",
   "version": "3.13.5"
  }
 },
 "nbformat": 4,
 "nbformat_minor": 5
}
